model_name: hummingbird
control_rate: 100
estimation_rate: 80
motor_num: 4
inertia: [0.0347563, 0.0458929, 0.0977]
kp: [6.5, 6.5, 6]
kd: [5.2, 5.2, 5.0]
ki: [3.2, 2.2, 1.0]
ki_attitude: [2.0, 2.0, 1.0]
attitude_gain: [2.0, 2.0, 0.15]
angular_rate_gain: [0.4, 0.4, 0.1]
mass: 3.535
gravity: 9.81
motor_force_k: 8.54858e-06
motor_moment_k: 0.016
rotor_angles: [0, 1.57079632679, 3.14159265359, -1.57079632679]
arm_length:  [0.17, 0.17, 0.17, 0.17]
motor_rotation_direction: [-1, 1, -1, 1]

r1: 1.0e-6
r2:  1.0e-12

q_gamma: 0.1
q_x_1: 1.0e-6
q_x_2: 1.0e-12


ref_jerk_max: 10.0
ref_acc_max: 1.0
ref_vel_max: 0.8
ref_omega: 1.0
ref_zita: 0.95

ref_o_jerk_max: 2.0
ref_o_acc_max: 0.8
ref_o_vel_max: 0.25


save_logs: false

ext_zita: 1.0
ext_omega_lin: 15.0
ext_omega_tor: 15.0
ext_omega_z: 15.0

tau_f: 0.01
tau_h: 0.3
h_signed: 2.99
sigma_w: 3.16
sigma_h: 0.31
sigma_f: 0.94
sigma_w_sig: 0.01
sigma_t_sig: 0.1


