model_name: iris
control_rate: 100
motor_num: 4
inertia: [0.0347563, 0.0458929, 0.0977]
kp: [15, 15, 15]
kd: [5.7, 5.7, 5.7]
ki: [3.2, 2.2, 1.0]
ki_attitude: [2.0, 2.0, 1.0]
attitude_gain: [2.0, 3.0, 0.15]
angular_rate_gain: [0.4, 0.52, 0.18]
mass: 1.515
gravity: 9.81
motor_force_k: 8.54858e-06
motor_moment_k: 1.6e-2
rotor_angles: [-0.5337, 2.565, 0.5337, -2.565]
arm_length:  [0.255, 0.238, 0.255, 0.238]
motor_rotation_direction: [1, 1, -1, -1]
write_on_file: true


ref_jerk_max: 10.0
ref_acc_max: 2.5
ref_vel_max: 2.0
ref_omega: 1.0
ref_zita: 0.75

ref_o_jerk_max: 2.0
ref_o_acc_max: 0.8
ref_o_vel_max: 0.05


