model_name: ndt2
control_rate: 100
motor_num: 4

inertia: [0.29163, 0.29163, 0.3527]
kp: [10, 10, 10]
kd: [4.7, 4.7, 4.7]
attitude_gain: [2.0, 3.0, 0.15]
angular_rate_gain: [0.4, 0.52, 0.18]
mass: 1.51
gravity: 9.81
motor_force_k: 8.54858e-05
motor_moment_k: 1.6e-2
rotor_angles: [-0.7853, 2.356194, 0.7853, -2.356194]
arm_length:  [0.255, 0.238, 0.255, 0.238]
motor_rotation_direction: [1, 1, -1, -1]

ref_jerk_max: 10.0
ref_acc_max: 2.5
ref_vel_max: 2.0
ref_omega: 1.0
ref_zita: 0.75

ref_o_jerk_max: 2.0
ref_o_acc_max: 0.8
ref_o_vel_max: 0.05


test_motors: False

